1
20 1 40 66 39
2
13 45 87 92 0
3
55 78 23 11 65
4
30 88 5 72 15
5
42 3 77 9 54
6
18 61 35 80 27
7
70 14 96 22 48
8
37 84 2 50 91
9
6 33 79 17 63
10
95 7 31 57 26
11
68 12 43 99 19
12
82 24 74 10 36
13
69 25 53 16 81
14
49 90 38 75 4
15
94 71 32 58 85
16
41 97 59 21 46
17
89 28 64 86 52
18
98 67 29 44 76
19
83 56 8 93 60
20
73 47 34 62 51
21
1 40 66 39 20
22
45 87 92 0 13
23
78 23 11 65 55
24
88 5 72 15 30
25
3 77 9 54 42
26
61 35 80 27 18
27
14 96 22 48 70
28
84 2 50 91 37
29
33 79 17 63 6
30
7 31 57 26 95
31
12 43 99 19 68
32
24 74 10 36 82
33
25 53 16 81 69
34
90 38 75 4 49
35
71 32 58 85 94
36
97 59 21 46 41
37
28 64 86 52 89
38
67 29 44 76 98
39
56 8 93 60 83
40
47 34 62 51 73
41
40 66 39 20 1
42
87 92 0 13 45
43
23 11 65 55 78
44
5 72 15 30 88
45
77 9 54 42 3
46
35 80 27 18 61
47
96 22 48 70 14
48
2 50 91 37 84
49
79 17 63 6 33
50
31 57 26 95 7