2024/05/15 1 3 1 45.67
2024/05/15 1 5 2 46.22
2024/05/15 1 7 3 47.00
2024/05/15 2 8 1 44.30
2024/05/15 2 10 2 46.10
2024/05/15 2 4 99 99.99
2024/06/10 1 7 1 45.15
2024/06/10 1 3 2 46.50
2024/06/10 1 8 3 47.20
2024/06/10 2 2 1 44.70
2024/06/10 2 9 2 46.30
2024/06/10 3 4 3 48.00
2024/06/10 3 6 4 48.20
2024/07/22 2 2 1 44.70
2024/07/22 2 8 2 46.00
2024/07/22 3 1 99 99.99
2024/07/22 4 9 1 45.80
2024/07/22 4 5 2 46.90
2024/07/22 4 10 3 47.50
2024/08/18 1 5 1 44.50
2024/08/18 1 6 2 45.00
2024/08/18 2 10 1 44.90
2024/08/18 2 4 2 45.60
2024/08/18 3 9 3 47.10
2024/08/18 4 8 4 47.90
XXXX/XX/XX 0 0 0 0